1.0 4.0 9.0 16.0 25.0 36.0 49.0 64.0 81.0 100.0 121.0 144.0 169.0 196.0 225.0 256.0 289.0 324.0 361.0 400.0 441.0 484.0 529.0 576.0 625.0 676.0 729.0 784.0 841.0 900.0 961.0
1.6654488649138661 5.301694514282702 10.836148890569763 18.153993184592114 27.10002944560197 37.48120292052894 49.06975848156253 61.6069851511198 74.80749401198867 88.36396681857258 101.95230551334338 115.23710670017006 127.87738001982467 139.53242538555546 149.86778122626023 158.56115429400066 165.30824124770595 169.82835313569248 171.8697560591068 171.21464468292726 167.6836698306338 161.13994709702715 151.49248016960593 138.69894027665214 122.76775178065833 103.75944329778298 81.78723372579246 57.01683307343302 29.66544886491394 3.59273853483072e-14 -31.665448864913742
2.323606932809608 6.501956294219922 12.22322988101016 19.02832365718567 26.34004959423251 33.50058897043029 39.815025843708945 44.59841196046177 47.223576541082814 47.16681023424711 44.048627988708226 37.667048118576986 28.021203510363666 15.32360693280964 9.614973021563863e-15 -17.32360693280959 -35.846384316234065 -54.62959361028818 -72.64326151044824 -88.82033151427628 -102.11552682369289 -111.56581759500114 -116.34920371175399 -115.83851439434542 -109.64709215429093 -97.66356584197086 -80.07341184785504 -57.36563153237792 -30.32360693280969 -3.6900623353247705e-14 32.32360693280948
2.9672632861669306 7.546183200335169 13.004464114254521 18.365347977826268 22.54653761117476 24.520715052176776 23.4766000692541 18.958861395877015 10.967263286166933 4.7426746569722416e-15 -12.967263286166927 -26.567313526238237 -39.18480400175347 -49.1421833495788 -54.90721738617266 -55.297550423929316 -49.656939956753064 -37.979991721780095 -20.96726328616695 -1.7411429894881217e-14 22.967263286166915 45.5884438521413 65.36514388925241 79.91901872133134 87.26789716117057 86.07438579568186 75.83727984425201 57.001122047683175 30.967263286166972 3.8006265713726925e-14 -32.9672632861669
3.589365891284699 8.385188726886048 13.069397467278401 16.111822642579643 16.159310385129967 12.412706559365137 4.901799014837221 -5.412969312269719 -16.748081271470426 -26.80533181604201 -33.22769697082531 -34.11374838173786 -28.48318879502328 -16.589365891284732 -1.0591994109455766e-14 18.58936589128468 35.791552456164055 48.14331565804416 52.7886962031061 48.09737467786614 34.0895801198916 12.569353476325023 -13.080523773757388 -38.42495483199686 -58.7433961087781 -69.90457053135175 -69.18766657250362 -55.889552524301386 -31.589365891284782 -3.9249438971807566e-14 33.58936589128457
4.183098861837904 8.977390569355672 12.36619772367581 12.441492184493429 8.18309886183791 2.2492105254806987e-15 -10.1830988618379 -19.369695414768938 -24.366197723675814 -22.833797029906705 -14.18309886183792 -7.437573368915046e-15 16.18309886183788 29.76200026018219 36.36619772367581 33.22610187531998 20.183098861837962 1.5565088530303042e-14 -22.183098861837873 -40.154305105595434 -48.36619772367582 -43.61840672073325 -26.183098861837983 -2.6631756009644685e-14 28.183098861837856 50.54660995100868 60.36619772367582 54.010711566146526 32.183098861838005 1.5852762503838082e-13 -34.183098861837834
4.7419571351545535 9.29068180662504 10.908715795374937 7.741957135154555 1.821381156144309e-15 -9.741957135154552 -17.380851750374518 -18.99888573912441 -12.741957135154559 -5.726255891569487e-15 14.741957135154548 25.47102169412399 27.08905568287389 17.74195713515456 1.1714624206275532e-14 -19.741957135154543 -33.561191637873456 -35.179225626623364 -22.741957135154568 -1.978648610026245e-14 24.741957135154536 41.65136158162293 43.26939557037284 27.741957135154575 2.994184157353023e-14 -29.74195713515453 -49.74153152537241 -51.359565514122316 -32.741957135154586 -4.218069062607888e-14 34.741957135154514
5.259817743043578 9.30390232834883 8.777532927610757 2.566483518288977 -6.919290236499428 -14.58260379631946 -15.372716858694092 -7.452232891664176 6.123631150593949 18.455835529646645 22.307086196843535 14.283132446042806 -2.696248247823471 -20.27958210392436 -28.78334597164494 -22.50080713358273 -3.321109596411012 19.553720101486906 34.00163540966756 31.398382105075353 11.665454969830007 -15.962250142328326 -37.217073077609264 -40.1665736979021 -21.864055735145516 9.402304738425524 37.79489916445815 47.94743325317332 33.25981774304363 4.389176495256905e-14 -35.25981774304357
5.731006896315644 9.007845451874687 6.114786355548635 -2.442698036938319 -11.340049594232507 -13.733250485318324 -6.420592866055874 6.9679110053088795 17.572568813414858 17.166810234247112 4.401107469163603 -13.233274016730865 -23.728718791769566 -18.731006896315673 -1.3006086356857685e-14 20.731006896315627 29.081763642640443 17.978932457519043 -6.639289677420961 -28.82033151427625 -32.92984212580101 -14.630364954851316 15.177683094104172 36.769160453897534 34.64709215429094 8.59769910964633 -25.097420118701244 -43.802636982535304 -33.73100689631571 -4.5787270495399744e-14 35.73100689631554
6.150362148004836 8.405754838295145 3.1131613199172468 -6.648127247175996 -12.546537611174758 -8.101212303186722 4.641025364917662 15.45917786580482 14.150362148004836 6.880143176032603e-15 -16.15036214800483 -20.16145988414461 -6.932821432418308 13.913552527229596 24.907217386172654 15.366637583240339 -8.460685477418656 -27.21488291165428 -24.150362148004817 -2.2842766505107165e-14 26.150362148004785 31.917164929994076 10.75248154491932 -21.17897780728319 -37.26789716117055 -22.632062863293964 12.280345589919799 38.97058795750373 34.15036214800491 4.7887869987223694e-14 -36.15036214800485
6.513288954217916 7.513288954217918 1.2038644619938374e-15 -9.513288954217916 -10.513288954217924 -3.2561891149676006e-15 12.513288954217913 13.513288954217925 6.156973958921289e-15 -15.513288954217904 -16.513288954217927 -9.906218993854903e-15 18.5132889542179 19.513288954217934 5.65799660693313e-14 -21.513288954217895 -22.513288954217956 -1.9950089636661906e-14 24.51328895421789 25.513288954217966 2.62447152445353e-14 -27.513288954217884 -28.51328895421797 -3.3387801043388614e-14 30.513288954217877 31.51328895421798 1.7475927550376682e-13 -33.51328895421788 -34.51328895421799 -1.959062428774348e-13 36.51328895421787
6.815811012918702 6.357953468618847 -2.982046924320075 -10.68588201219408 -5.919689558103036 7.602423501935567 13.722091975688611 3.144308368766846 -13.120576315741474 -14.993117205120884 1.9240759932356974 18.547345416880265 13.781728021172638 -8.82256748560417 -22.785741901266512 -9.713024856221347 16.711546568289144 24.79371121075783 2.839441177469945 -24.472945456023727 -23.74752853939042 6.33053588169185 30.853545567638527 19.18382260227877 -16.866052343163336 -34.63595643384565 -11.1003160295455 27.508258908560364 34.815811012918765 1.9209904705038452e-13 -36.81581101291861
7.054613829125252 4.978025112654345 -5.596059101404237 -10.054613829125254 -2.8469385803454997e-15 12.054613829125254 8.068195056403821 -8.686229045153707 -15.054613829125255 -8.2692168553665e-15 17.054613829125252 11.158365000153301 -11.776398988903177 -20.054613829125255 -1.6266834825063002e-14 22.05461382912525 14.248534943902783 -14.866568932652646 -25.054613829125262 -2.683979248943501e-14 27.054613829125245 17.338704887652266 -17.95673887640211 -30.054613829125266 -3.9988089848482506e-14 32.054613829125245 20.428874831401753 -21.046908820151568 -35.054613829125266 -5.571172690220551e-14 37.05461382912524
7.227081029210508 3.4210126545557356 -7.63163489386044 -7.769995388113352 5.738950349000486 11.888435936841951 -1.4134947041355306 -14.465243875376029 -4.810548846841095 14.367018218950035 11.78469094666401 -10.952957828933481 -17.95722089875227 4.2993987961899265 21.701306646651247 4.724511919529928 -21.693039325162616 -14.55845817582291 17.257326003842582 23.22074748368207 -8.601596261073379 -28.699605361015383 -3.123313765213559 29.389902259992034 15.962356297650793 -24.48443209300076 -27.481816860705276 14.232420577079251 35.227081029210495 -7.261629409494769e-14 -37.227081029210524
7.331323026439253 1.741720785880222 -8.923499433528086 -4.225274140143051 9.867267523305873 7.288094761867029 -9.961674820841782 -10.708913095774076 9.061163575223256 14.22124609239382 -7.0881135756451945 -17.530156246736592 4.041346977768606 20.33132302643925 1.8387061774405155e-14 -22.331323026439257 -4.877574683909795 23.26792745554225 10.359930073361868 -22.929203230569748 -16.153438828648238 21.170248944826408 21.917487219758694 -17.926507642004413 -27.283181799657687 13.222769508864012 31.87458426875074 -7.177200875798309 -35.331323026439264 -6.263336596656638e-14 37.33132302643926
7.36619772367581 4.739901862889929e-15 -9.36619772367581 -1.1746019284839049e-14 11.36619772367581 2.6510047241804194e-14 -13.36619772367581 -3.2556900805914865e-14 15.36619772367581 3.909361308968447e-14 -17.36619772367581 -7.874510503334187e-14 19.36619772367581 8.981424843522987e-14 -21.36619772367581 -1.013732505567768e-13 23.36619772367581 1.1342211139798268e-13 -25.36619772367581 -1.259608309588475e-13 27.36619772367581 1.3898940923937124e-13 -29.36619772367581 -2.603902522656176e-13 31.36619772367581 1.665161419593956e-13 -33.36619772367581 -3.031075571401619e-13 35.36619772367581 1.960023095580557e-13 -37.36619772367581
7.331323026439254 -1.74172078588022 -8.923499433528088 4.225274140143046 9.867267523305875 -7.288094761867022 -9.96167482084179 10.708913095774067 9.06116357522327 -14.221246092393805 -7.088113575645216 17.53015624673658 4.041346977768637 -20.331323026439243 -2.1013784885034463e-14 22.33132302643926 -4.877574683909746 -23.267927455542264 10.359930073361813 22.929203230569776 -16.153438828648177 -21.170248944826458 21.917487219758566 17.92650764200448 -27.28318179965758 -13.222769508864106 31.874584268750734 7.177200875798423 -35.331323026439236 -7.158098967607586e-14 37.33132302643928
7.227081029210508 -3.421012654555737 -7.631634893860442 7.7699953881133546 5.738950349000475 -11.888435936841947 -1.4134947041355181 14.465243875376027 -4.810548846841131 -14.367018218950015 11.784690946664014 10.952957828933505 -17.957220898752258 -4.29939879618989 21.701306646651247 -4.724511919529964 -21.6930393251626 14.55845817582301 17.25732600384256 -23.220747483682135 -8.601596261073446 28.699605361015387 -3.1233137652136866 -29.38990225999206 15.962356297650807 24.484432093000827 -27.48181686070528 -14.232420577079132 35.227081029210495 -5.447368298325389e-14 -37.227081029210524
7.054613829125253 -4.978025112654343 -5.59605910140424 10.054613829125252 4.2704078705182496e-15 -12.054613829125254 8.06819505640381 8.686229045153718 -15.05461382912525 -1.240382528304975e-14 17.05461382912526 -11.158365000153278 -11.776398988903201 20.054613829125245 2.4400252237594505e-14 -22.054613829125262 14.248534943902673 14.866568932652688 -25.054613829125266 -4.02596887341525e-14 27.054613829125298 -17.338704887652202 -17.95673887640209 30.05461382912523 1.759880181774077e-13 -32.05461382912527 20.428874831401757 21.046908820151668 -35.05461382912518 -8.356759035330827e-14 37.05461382912523
6.815811012918703 -6.357953468618843 -2.9820469243200822 10.68588201219408 -5.919689558103012 -7.602423501935581 13.7220919756886 -3.144308368766805 -13.120576315741516 14.993117205120843 1.9240759932357547 -18.547345416880283 13.781728021172587 8.822567485604274 -22.785741901266512 9.713024856221224 16.71154656828925 -24.793711210757753 2.839441177469786 24.472945456023858 -23.74752853939037 -6.330535881692036 30.85354556763859 -19.183822602278592 -16.86605234316363 34.63595643384562 -11.100316029545139 -27.508258908560624 34.81581101291866 2.3050914953528753e-13 -36.81581101291873
6.513288954217917 -7.513288954217915 -2.407728923987675e-15 9.513288954217924 -10.513288954217908 -6.5123782299352e-15 12.513288954217925 -13.513288954217902 -1.2313947917842575e-14 15.513288954217945 -16.513288954217895 -1.9812437987709805e-14 18.513288954217952 -19.513288954217888 -1.1315993213866258e-13 21.513288954217963 -22.51328895421784 -3.9900179273323805e-14 24.51328895421797 -25.513288954217824 -5.2489430489070595e-14 27.51328895421798 -28.51328895421781 -6.677560208677723e-14 30.513288954217995 -31.51328895421779 -3.4951855100753353e-13 33.513288954218 -34.51328895421778 -3.9181248575486953e-13 36.51328895421802
6.150362148004836 -8.405754838295143 3.1131613199172437 6.648127247175999 -12.546537611174758 8.101212303186713 4.641025364917675 -15.459177865804824 14.150362148004808 1.605366741074274e-14 -16.150362148004824 20.1614598841446 -6.932821432418236 -13.91355252722963 24.907217386172654 -15.3666375832403 -8.460685477418803 27.214882911654332 -24.150362148004834 -5.329978851191672e-14 26.150362148004906 -31.917164929994083 10.752481544919343 21.178977807283275 -37.26789716117055 22.632062863293754 12.280345589919792 -38.970587957503774 34.15036214800473 -4.262078277905289e-14 -36.15036214800486
5.7310068963156455 -9.007845451874685 6.114786355548623 2.442698036938339 -11.340049594232525 13.73325048531831 -6.420592866055835 -6.967911005308934 17.57256881341488 -17.166810234247038 4.401107469163501 13.233274016730954 -23.728718791769577 18.73100689631558 1.3009373229292368e-13 -20.731006896315755 29.081763642640404 -17.97893245751881 -6.639289677421309 28.820331514276457 -32.92984212580093 14.630364954850986 15.177683094104504 -36.76916045389764 34.647092154290654 -8.597699109645768 -25.09742011870171 43.80263698253533 -33.73100689631538 -4.579884176389061e-13 35.73100689631599
5.259817743043579 -9.30390232834883 8.777532927610753 -2.5664835182889654 -6.919290236499445 14.582603796319464 -15.372716858694087 7.452232891664143 6.123631150594002 -18.455835529646674 22.307086196843517 -14.283132446042776 -2.6962482478235112 20.279582103924387 -28.783345971644938 22.500807133582647 -3.3211095964108894 -19.55372010148706 34.00163540966759 -31.39838210507524 11.665454969829721 15.962250142328546 -37.21707307760942 40.16657369790206 -21.8640557351454 -9.402304738425665 37.794899164458236 -47.947433253173294 33.259817743043364 3.2611649530523857e-13 -35.25981774304385
4.741957135154554 -9.290681806625042 10.908715795374935 -7.741957135154549 -7.285524624577235e-15 9.74195713515456 -17.380851750374518 18.998885739124404 -12.741957135154538 -2.2905023566277945e-14 14.741957135154575 -25.471021694123998 27.08905568287387 -17.741957135154518 -4.685849682510212e-14 19.74195713515459 -33.56119163787348 35.17922562662333 -22.741957135154493 -7.914594440104978e-14 24.74195713515462 -41.65136158162296 43.269395570372794 -27.74195713515446 -1.197673662941209e-13 29.74195713515465 -49.741531525372444 51.35956551412226 -32.74195713515442 -1.687227625043155e-13 34.74195713515469
4.183098861837904 -8.977390569355672 12.36619772367581 -12.441492184493429 8.183098861837914 1.1246052627403493e-14 -10.183098861837907 19.369695414768938 -24.366197723675814 22.83379702990671 -14.183098861837951 -3.718786684457523e-14 16.183098861837927 -29.762000260182205 36.36619772367581 -33.226101875319976 20.183098861837955 -7.268952752015452e-14 -22.183098861837824 40.154305105595405 -48.36619772367582 43.61840672073332 -26.183098861838094 -1.3315878004822344e-13 28.183098861838 -50.546609951008776 60.36619772367582 -54.01071156614647 32.183098861837905 -3.2592219428181874e-14 -34.18309886183785
3.589365891284699 -8.385188726886048 13.069397467278407 -16.111822642579646 16.159310385129988 -12.412706559365127 4.901799014837222 5.412969312269688 -16.74808127147037 26.805331816041964 -33.22769697082532 34.11374838173785 -28.48318879502327 16.58936589128474 -8.478948863192441e-14 -18.58936589128458 35.791552456163956 -48.14331565804408 52.78869620310614 -48.09737467786633 34.089580119891664 -12.569353476325077 -13.080523773757236 38.42495483199702 -58.74339610877822 69.9045705313518 -69.18766657250363 55.88955252430141 -31.589365891284913 3.1419389258709505e-13 33.58936589128434
2.9672632861669315 -7.54618320033517 13.004464114254521 -18.365347977826268 22.546537611174756 -24.520715052176765 23.47660006925405 -18.958861395876987 10.967263286166954 4.2684071912750166e-14 -12.967263286167048 26.567313526238284 -39.184804001753456 49.14218334957887 -54.90721738617264 55.29755042392926 -49.65693995675303 37.97999172178015 -20.967263286166673 -1.567028690539309e-13 22.967263286166965 -45.58844385214168 65.36514388925261 -79.91901872133138 87.26789716117054 -86.07438579568183 75.83727984425211 -57.001122047682344 30.96726328616611 7.095783582341469e-13 -32.96726328616745
2.323606932809608 -6.501956294219922 12.223229881010166 -19.02832365718567 26.340049594232504 -33.5005889704303 39.815025843708945 -44.59841196046177 47.2235765410828 -47.16681023424714 44.048627988708354 -37.66704811857691 28.021203510363705 -15.323606932809835 -1.346096223018941e-13 17.323606932809568 -35.84638431623387 54.629593610288346 -72.64326151044826 88.82033151427616 -102.11552682369296 111.56581759500106 -116.34920371175392 115.83851439434531 -109.64709215429085 97.66356584197098 -80.07341184785545 57.36563153237863 -30.3236069328088 -5.166087269454678e-13 32.32360693280979
1.6654488649138648 -5.3016945142827 10.836148890569733 -18.153993184592114 27.10002944560201 -37.48120292052885 49.069758481562495 -61.60698515111983 74.80749401198874 -88.3639668185727 101.9523055133434 -115.23710670017003 127.87738001982484 -139.53242538555563 149.86778122626046 -158.56115429400094 165.3082412477064 -169.8283531356928 171.86975605910737 -171.2146446829275 167.6836698306344 -161.13994709702817 151.49248016960755 -138.69894027665453 122.76775178065844 -103.75944329778375 81.787233725794 -57.01683307343529 29.66544886491712 -3.6317991227076524e-16 -31.66544886491306
1.0 -4.0 9.0 -16.0 25.0 -36.0 49.0 -64.0 81.0 -100.0 121.0 -144.0 169.0 -196.0 225.0 -256.0 289.0 -324.0 361.0 -400.0 441.0 -484.0 529.0 -576.0 625.0 -676.0 729.0 -784.0 841.0 -900.0 961.0
7.543070021878246111e-10 2.155996163682498358e-04 7.958891031413665778e-04 1.618703796169062518e-03 2.572986359305985335e-03 3.574009494980047354e-03 4.563100451973009855e-03 5.501227415344078601e-03 6.363034251444644671e-03 7.131793827809968130e-03 7.796303085390586182e-03 8.348724177107162345e-03 8.783525583826888236e-03 9.096737252474482865e-03 9.285709104913440412e-03 9.348863980700278589e-03 9.285709104913494188e-03 9.096737252474484600e-03 8.783525583826872624e-03 8.348724177107160610e-03 7.796303085390615673e-03 7.131793827809936037e-03 6.363034251444627323e-03 5.501227415344091612e-03 4.563100451973000314e-03 3.574009494980069038e-03 2.572986359305967988e-03 1.618703796169074661e-03 7.958891031413635421e-04 2.155996163682571271e-04 7.543069982944259851e-10
-3.488455702288706180e-19 3.656001728542878455e-04 1.331908924805644311e-03 2.646720311985018958e-03 4.064234058395181821e-03 5.383995111321985411e-03 6.459529321990963718e-03 7.193180375491430890e-03 7.528933275904635750e-03 7.445105828416078396e-03 6.948848945097965690e-03 6.071398676962218473e-03 4.864186378328015994e-03 3.394961279270233400e-03 1.743990443733415847e-03 2.535735913886307764e-17 -1.743990443733408474e-03 -3.394961279270233400e-03 -4.864186378328033342e-03 -6.071398676962186380e-03 -6.948848945097983038e-03 -7.445105828416070590e-03 -7.528933275904634015e-03 -7.193180375491476861e-03 -6.459529321990951575e-03 -5.383995111321975870e-03 -4.064234058395180954e-03 -2.646720311985015922e-03 -1.331908924805633903e-03 -3.656001728542909355e-04 -1.088109551928856405e-19
1.694158815792102845e-09 4.677200428435454170e-04 1.665395153138511924e-03 3.176464392473092157e-03 4.580033097913238128e-03 5.539706063119606040e-03 5.841674632742120676e-03 5.400898760857645448e-03 4.252028007300874025e-03 2.529152980083324183e-03 4.399040899109308276e-04 -1.765098949100683346e-03 -3.823846741018147120e-03 -5.494124168520805353e-03 -6.580788945671863475e-03 -6.957586780694162941e-03 -6.580788945671901639e-03 -5.494124168520791475e-03 -3.823846741018149722e-03 -1.765098949100677491e-03 4.399040899109067583e-04 2.529152980083311172e-03 4.252028007300858413e-03 5.400898760857650652e-03 5.841674632742116340e-03 5.539706063119613846e-03 4.580033097913233792e-03 3.176464392473080881e-03 1.665395153138521031e-03 4.677200428435351171e-04 1.694158818953570395e-09
1.463528617162706235e-18 5.300330729616617356e-04 1.823414835742123491e-03 3.263132560308901458e-03 4.239350332937734042e-03 4.332537492227115858e-03 3.400259840884976761e-03 1.580924988766465233e-03 -7.620942008618144300e-04 -3.137324838105147711e-03 -5.038898063290133539e-03 -6.056058948924979840e-03 -5.957833390941183124e-03 -4.738977632364377128e-03 -2.619579356200656996e-03 -2.989260679641046980e-18 2.619579356200676945e-03 4.738977632364380597e-03 5.957833390941152767e-03 6.056058948924982442e-03 5.038898063290149151e-03 3.137324838105163324e-03 7.620942008618199594e-04 -1.580924988766436610e-03 -3.400259840884981965e-03 -4.332537492227133205e-03 -4.239350332937730573e-03 -3.263132560308892351e-03 -1.823414835742142573e-03 -5.300330729616506767e-04 -2.214942910818012273e-18
2.216298214821162619e-09 5.668051530209458275e-04 1.860098110203458905e-03 3.035825769396530670e-03 3.332079336275238501e-03 2.394218352727238517e-03 3.915535444774239184e-04 -2.070705536791029970e-03 -4.181014497707978388e-03 -5.207906421113643082e-03 -4.747369348629849363e-03 -2.858675519630113002e-03 -5.012887402390464126e-05 2.875088709643995946e-03 5.064027229423314139e-03 5.873183754914783165e-03 5.064027229423350568e-03 2.875088709643975129e-03 -5.012887402388989611e-05 -2.858675519630100859e-03 -4.747369348629864108e-03 -5.207906421113632674e-03 -4.181014497707975786e-03 -2.070705536791045149e-03 3.915535444774134559e-04 2.394218352727237650e-03 3.332079336275248042e-03 3.035825769396507251e-03 1.860098110203477770e-03 5.668051530209284802e-04 2.216298220811932592e-09
4.186465387044863787e-19 5.850971222360701416e-04 1.804842816682772485e-03 2.583273610302426731e-03 2.105239605019072670e-03 3.032039874300753585e-04 -2.104869096084066582e-03 -3.988135723215735853e-03 -4.368798419308980024e-03 -2.908506269196183946e-03 -9.322509846890059799e-05 2.958412741059986920e-03 4.973446625772037777e-03 5.076037296225699609e-03 3.171983242778776864e-03 -1.191367841757853738e-17 -3.171983242778768624e-03 -5.076037296225703946e-03 -4.973446625772032573e-03 -2.958412741059986920e-03 9.322509846889582750e-05 2.908506269196163129e-03 4.368798419308973953e-03 3.988135723215755803e-03 2.104869096084061812e-03 -3.032039874300637033e-04 -2.105239605019077441e-03 -2.583273610302412419e-03 -1.804842816682783110e-03 -5.850971222360661301e-04 -1.675559858431595341e-18
2.618769397396551861e-09 5.912373757317548363e-04 1.685845430130117990e-03 1.996966412008793594e-03 8.094697592933144730e-04 -1.423132931133170480e-03 -3.349175221885747865e-03 -3.618222336820189726e-03 -1.796006026155921344e-03 1.284022000154091915e-03 3.953082501342011432e-03 4.663458543854502765e-03 2.904164741784618416e-03 -4.652040522482086215e-04 -3.662279402297290154e-03 -4.963327436217011314e-03 -3.662279402297318777e-03 -4.652040522482010863e-04 2.904164741784601069e-03 4.663458543854514908e-03 3.953082501342020105e-03 1.284022000154096035e-03 -1.796006026155922211e-03 -3.618222336820181486e-03 -3.349175221885763044e-03 -1.423132931133161156e-03 8.094697592933086184e-04 1.996966412008791859e-03 1.685845430130121459e-03 5.912373757317541858e-04 2.618769397067186739e-09
4.553603375938899776e-19 5.884358218364814635e-04 1.520281327506960633e-03 1.346664762591682964e-03 -3.611866762422895360e-04 -2.464696180631316055e-03 -3.164938676123136164e-03 -1.553464097429409652e-03 1.500952837515804163e-03 3.871991644133417586e-03 3.734234490081889905e-03 9.780363950074248258e-04 -2.604883127976440321e-03 -4.542142975512523939e-03 -3.439109050365536050e-03 2.722800937752365859e-18 3.439109050365534749e-03 4.542142975512524807e-03 2.604883127976423841e-03 -9.780363950073940344e-04 -3.734234490081913757e-03 -3.871991644133415851e-03 -1.500952837515806115e-03 1.553464097429392088e-03 3.164938676123153077e-03 2.464696180631306081e-03 3.611866762422938186e-04 -1.346664762591685350e-03 -1.520281327506964320e-03 -5.884358218364822224e-04 1.084505062155808220e-18
3.063758164341687245e-09 5.792696598671051708e-04 1.323598875018468972e-03 6.959752636099585587e-04 -1.257771719387207983e-03 -2.697435721963969274e-03 -1.857688615746419698e-03 9.659930782105197178e-04 3.407282148383516170e-03 3.125456576371228069e-03 6.684861897708517119e-05 -3.283880517126166847e-03 -4.003097077222078290e-03 -1.338851451096050114e-03 2.532398895569565062e-03 4.335609367652312057e-03 2.532398895569587614e-03 -1.338851451096052716e-03 -4.003097077222069616e-03 -3.283880517126169449e-03 6.684861897708450711e-05 3.125456576371212890e-03 3.407282148383512267e-03 9.659930782105485576e-04 -1.857688615746433359e-03 -2.697435721963967106e-03 -1.257771719387207766e-03 6.959752636099575829e-04 1.323598875018472875e-03 5.792696598671087486e-04 3.063758162261402037e-09
5.735727305494225763e-19 5.651417187016211270e-04 1.106833497977682953e-03 9.422119773429224216e-05 -1.797555036012156524e-03 -2.204077518116738781e-03 -6.411391127372898966e-05 2.674541604818006339e-03 2.944698775946963300e-03 6.256853188043485180e-05 -3.188408506447352585e-03 -3.345767666088669389e-03 -2.777322929039875734e-05 3.466207043756785317e-03 3.516378109209500509e-03 1.100911482398886470e-17 -3.516378109209511785e-03 -3.466207043756774041e-03 2.777322929038979573e-05 3.345767666088673726e-03 3.188408506447353453e-03 -6.256853188041999823e-05 -2.944698775946958964e-03 -2.674541604818021952e-03 6.411391127372706520e-05 2.204077518116737914e-03 1.797555036012156958e-03 -9.422119773429602331e-05 -1.106833497977677966e-03 -5.651417187016244880e-04 2.000981191264540363e-18
3.660931665543496504e-09 5.471800805076052236e-04 8.801903464975843012e-04 -4.185536628096629512e-04 -1.956147881322131687e-03 -1.214896555969720814e-03 1.516725007229430830e-03 2.871676758320758707e-03 7.113310714153018915e-04 -2.664614177804940955e-03 -3.039580125486124156e-03 3.483515554471990311e-04 3.525891483392363645e-03 2.544409593248562335e-03 -1.544222876486972236e-03 -3.832136132538799256e-03 -1.544222876486991318e-03 2.544409593248555396e-03 3.525891483392366247e-03 3.483515554472070542e-04 -3.039580125486119385e-03 -2.664614177804943557e-03 7.113310714152888811e-04 2.871676758320768248e-03 1.516725007229430613e-03 -1.214896555969723633e-03 -1.956147881322129953e-03 -4.185536628096610538e-04 8.801903464975847349e-04 5.471800805076055488e-04 3.660931664550965383e-09
8.377691463504975151e-19 5.260887443670877930e-04 6.518240728026804005e-04 -8.152711768600297759e-04 -1.767666862617262328e-03 -4.393722443094494822e-05 2.352516762049231252e-03 1.653424890431721538e-03 -1.697949050380496028e-03 -2.996041799125000182e-03 -3.194449117639196266e-05 3.240092603105205506e-03 2.079858223317616970e-03 -2.088562660662884179e-03 -3.438160602304701774e-03 -4.211174860114959039e-18 3.438160602304705677e-03 2.088562660662886782e-03 -2.079858223317616536e-03 -3.240092603105199000e-03 3.194449117637090203e-05 2.996041799124997147e-03 1.697949050380499498e-03 -1.653424890431705492e-03 -2.352516762049239058e-03 4.393722443095337112e-05 1.767666862617263846e-03 8.152711768600241380e-04 -6.518240728026793163e-04 -5.260887443670921298e-04 4.092624493618563122e-19
4.536390995076040101e-09 5.024452603270758867e-04 4.292969758951045451e-04 -1.079832430198877794e-03 -1.309509829891716045e-03 9.965046817822377067e-04 2.239896670068221296e-03 -2.256645460176485345e-04 -2.768187260993750128e-03 -9.467324271118430059e-04 2.685231822106048331e-03 2.182625774243557391e-03 -1.938128381528855934e-03 -3.099262044463487343e-03 7.076461632862534766e-04 3.440498357337338272e-03 7.076461632862629091e-04 -3.099262044463494282e-03 -1.938128381528843140e-03 2.182625774243537008e-03 2.685231822106060907e-03 -9.467324271118355249e-04 -2.768187260993747959e-03 -2.256645460176636591e-04 2.239896670068231271e-03 9.965046817822294668e-04 -1.309509829891707154e-03 -1.079832430198883648e-03 4.292969758951025935e-04 5.024452603270738267e-04 4.536390995207584152e-09
5.556082927536697930e-19 4.766916529223699859e-04 2.188174063397979119e-04 -1.208265987958277070e-03 -6.892037853103658842e-04 1.663564972952737229e-03 1.328713412628646992e-03 -1.787609717351800256e-03 -1.982749902007386114e-03 1.632015816418356862e-03 2.573304879868329453e-03 -1.229818936852650505e-03 -3.008570598292171355e-03 6.599474758700871798e-04 3.241441118798226752e-03 9.443589503088992186e-18 -3.241441118798243232e-03 -6.599474758700821925e-04 3.008570598292166585e-03 1.229818936852663516e-03 -2.573304879868325117e-03 -1.632015816418367921e-03 1.982749902007382645e-03 1.787609717351806111e-03 -1.328713412628652196e-03 -1.663564972952743951e-03 6.892037853103694621e-04 1.208265987958276853e-03 -2.188174063397904851e-04 -4.766916529223717749e-04 2.540899469597656961e-18
5.898909168997951830e-09 4.491832644336477475e-04 2.592471456032087432e-05 -1.206909664899688192e-03 -2.439193676667703338e-05 1.834048521629547297e-03 3.315183679359988813e-05 -2.311658848703721739e-03 -2.569562097787270679e-05 2.675491840969217335e-03 2.224491456529722178e-05 -2.922779691249509371e-03 -1.254249989636422017e-05 3.070584245662637268e-03 5.162949473877802630e-06 -3.117580785859284769e-03 5.162949473868226922e-06 3.070584245662634666e-03 -1.254249989635935651e-05 -2.922779691249504600e-03 2.224491456527995586e-05 2.675491840969221671e-03 -2.569562097787038592e-05 -2.311658848703718270e-03 3.315183679359082826e-05 1.834048521629551634e-03 -2.439193676668213929e-05 -1.206909664899684289e-03 2.592471456031530085e-05 4.491832644336552285e-04 5.898909165170977565e-09
-1.667683775690740830e-19 4.202652420565117859e-04 -1.450583399080616236e-04 -1.091607720246288906e-03 5.736204481265648816e-04 1.518604243472887255e-03 -1.142412685581580640e-03 -1.650259837901246491e-03 1.759862312769259985e-03 1.515751987654737586e-03 -2.312717330272858265e-03 -1.148136088574450630e-03 2.729213367834577332e-03 6.174639008640262329e-04 -2.950527781481158095e-03 5.685849372407791108e-19 2.950527781481153758e-03 -6.174639008640150657e-04 -2.729213367834579934e-03 1.148136088574446077e-03 2.312717330272855663e-03 -1.515751987654722840e-03 -1.759862312769270611e-03 1.650259837901236083e-03 1.142412685581596253e-03 -1.518604243472889423e-03 -5.736204481265641227e-04 1.091607720246287388e-03 1.450583399080635210e-04 -4.202652420565168817e-04 1.705754811722337236e-18
8.160523548716414788e-09 3.901896780301299670e-04 -2.905972295721652291e-04 -8.853429243724185698e-04 1.016336699392138884e-03 8.462269898978744438e-04 -1.786621332563482567e-03 -2.397565937609514707e-04 2.268883921550756463e-03 -7.336335648150033896e-04 -2.226961021243376374e-03 1.775772739911404179e-03 1.624312135714807816e-03 -2.560298898022695183e-03 -5.935310892444857229e-04 2.852034577769387274e-03 -5.935310892444662072e-04 -2.560298898022705591e-03 1.624312135714819742e-03 1.775772739911394855e-03 -2.226961021243355991e-03 -7.336335648150233389e-04 2.268883921550760366e-03 -2.397565937609496547e-04 -1.786621332563475845e-03 8.462269898978673965e-04 1.016336699392147340e-03 -8.853429243724244245e-04 -2.905972295721580192e-04 3.901896780301246544e-04 8.160523550619166770e-09
2.842782589809933173e-19 3.592711789682616883e-04 -4.083788238577039397e-04 -6.161357929903430635e-04 1.248010941921923840e-03 2.075156485800091043e-05 -1.717669755668180384e-03 1.162570556063350236e-03 1.295520091296228048e-03 -2.208991661504369070e-03 -1.370556337558447003e-05 2.434748361402810490e-03 -1.541147701279432835e-03 -1.586159050654984944e-03 2.589544598666998834e-03 -1.360992775562518976e-18 -2.589544598666990161e-03 1.586159050654973018e-03 1.541147701279440424e-03 -2.434748361402804418e-03 1.370556337557051939e-05 2.208991661504381646e-03 -1.295520091296226530e-03 -1.162570556063353272e-03 1.717669755668174312e-03 -2.075156485799733934e-05 -1.248010941921928177e-03 6.161357929903433887e-04 4.083788238577036145e-04 -3.592711789682605499e-04 -1.502499806395694738e-19
1.224682853064243629e-08 3.276969616158958401e-04 -4.969154636432546570e-04 -3.143982610235428079e-04 1.251596048262914717e-03 -7.351380501746443679e-04 -1.024945672770456728e-03 1.872070046878450975e-03 -4.177722096242453818e-04 -1.813870895626707976e-03 2.032979602368625328e-03 2.669277824562234312e-04 -2.407904669961738638e-03 1.725167278813378308e-03 1.066899254357675172e-03 -2.626967162886884120e-03 1.066899254357662379e-03 1.725167278813385030e-03 -2.407904669961737770e-03 2.669277824562174138e-04 2.032979602368628364e-03 -1.813870895626704073e-03 -4.177722096242522123e-04 1.872070046878451192e-03 -1.024945672770453042e-03 -7.351380501746438258e-04 1.251596048262914717e-03 -3.143982610235425911e-04 -4.969154636432556327e-04 3.276969616158960570e-04 1.224682853066498689e-08
9.956740530920867097e-19 2.957851771896339113e-04 -5.559392131961555855e-04 -1.034211074526954956e-05 1.047167024269502096e-03 -1.236257686476161227e-03 -1.421997888636049137e-05 1.599528658835383402e-03 -1.726664651567104240e-03 -1.238177001990389042e-05 1.964754134654347981e-03 -2.037570632449771206e-03 -6.906797485121677735e-06 2.154932414238432646e-03 -2.178618732558207458e-03 -2.987022159276260322e-18 2.178618732558206157e-03 -2.154932414238426575e-03 6.906797485109480460e-06 2.037570632449778145e-03 -1.964754134654343645e-03 1.238177001989032434e-05 1.726664651567110095e-03 -1.599528658835376897e-03 1.421997888635519233e-05 1.236257686476160576e-03 -1.047167024269500361e-03 1.034211074527098104e-05 5.559392131961549350e-04 -2.957851771896329355e-04 -7.467555398190650804e-19
2.057826215538005291e-08 2.636567698696372494e-04 -5.859049651358021627e-04 2.682617559451911000e-04 6.862444544371550320e-04 -1.377072468196445174e-03 9.204872662032136587e-04 5.582729066820924261e-04 -1.833799588207975706e-03 1.661528883944003937e-03 1.015817546955064961e-05 -1.841459615696560076e-03 2.226411580901887979e-03 -7.357275916718825342e-04 -1.426970633481283550e-03 2.435413327025795320e-03 -1.426970633481270973e-03 -7.357275916718939183e-04 2.226411580901897953e-03 -1.841459615696562678e-03 1.015817546954575376e-05 1.661528883944009792e-03 -1.833799588207972453e-03 5.582729066820763799e-04 9.204872662032218987e-04 -1.377072468196450378e-03 6.862444544371609952e-04 2.682617559451854080e-04 -5.859049651357967417e-04 2.636567698696333463e-04 2.057826215678090312e-08
1.748215665677684508e-19 2.316680316436086913e-04 -5.884509646161887025e-04 4.984104400813497461e-04 2.405538286871357703e-04 -1.151106271330058512e-03 1.444113426710980259e-03 -6.797970367393625256e-04 -7.633111814791320934e-04 1.891901218347801514e-03 -1.812130823082964536e-03 4.480021967543018407e-04 1.332673560069979907e-03 -2.297247641770309729e-03 1.737367203129077222e-03 -5.011857474446751702e-18 -1.737367203129062693e-03 2.297247641770302790e-03 -1.332673560069975354e-03 -4.480021967543134417e-04 1.812130823082965620e-03 -1.891901218347793491e-03 7.633111814791216851e-04 6.797970367393704402e-04 -1.444113426710980910e-03 1.151106271330059379e-03 -2.405538286871387790e-04 -4.984104400813462767e-04 5.884509646161846909e-04 -2.316680316436068210e-04 -6.414330225665608308e-19
4.101351670344280080e-08 1.998306016948955572e-04 -5.656476550177995085e-04 6.629557573443483785e-04 -2.100386291185287672e-04 -6.449491564318605421e-04 1.397004884662177799e-03 -1.490136714784440382e-03 7.178167779574922899e-04 6.004928638621244083e-04 -1.756732163137354318e-03 2.065395646923568352e-03 -1.277998967002624050e-03 -2.366237134417030279e-04 1.680782804234451843e-03 -2.269650108077789566e-03 1.680782804234438833e-03 -2.366237134416897736e-04 -1.277998967002635109e-03 2.065395646923571821e-03 -1.756732163137344777e-03 6.004928638621112895e-04 7.178167779574996625e-04 -1.490136714784441032e-03 1.397004884662176715e-03 -6.449491564318589158e-04 -2.100386291185274662e-04 6.629557573443450175e-04 -5.656476550177953885e-04 1.998306016948935243e-04 4.101351670399050686e-08
3.464100287842957429e-19 1.686171999982240114e-04 -5.207519705051722814e-04 7.522670348857446150e-04 -5.915934170499045517e-04 -9.029637268220196377e-06 8.381427165400505462e-04 -1.503664547076560094e-03 1.637075618498467925e-03 -1.080645199691759309e-03 -6.964637349623483217e-06 1.205149135968472136e-03 -2.007217389821522660e-03 2.050303119457161458e-03 -1.283244751645474168e-03 -3.464100287842957429e-18 1.283244751645480890e-03 -2.050303119457165361e-03 2.007217389821525696e-03 -1.205149135968467365e-03 6.964637349613477217e-06 1.080645199691771452e-03 -1.637075618498472478e-03 1.503664547076554673e-03 -8.381427165400482694e-04 9.029637268218766586e-06 5.915934170499079128e-04 -7.522670348857471087e-04 5.207519705051724982e-04 -1.686171999982253396e-04 2.165062679901848393e-19
1.097284210009785019e-07 1.377657940440475074e-04 -4.568279564541633019e-04 7.634452481419235327e-04 -8.461042483733306665e-04 5.838200902785811372e-04 9.238977354798147063e-06 -7.696583195870231823e-04 1.447330846816062512e-03 -1.788697221780812582e-03 1.635470034140775906e-03 -9.835608639584421907e-04 -3.775845279567101210e-06 1.046101665148335084e-03 -1.832610437824838592e-03 2.124740570829298288e-03 -1.832610437824824497e-03 1.046101665148326193e-03 -3.775845279558684667e-06 -9.835608639584552011e-04 1.635470034140783062e-03 -1.788697221780815617e-03 1.447330846816058175e-03 -7.696583195870120150e-04 9.238977354789946090e-06 5.838200902785859077e-04 -8.461042483733348949e-04 7.634452481419259180e-04 -4.568279564541650908e-04 1.377657940440504076e-04 1.097284210000322072e-07
5.855745286821180423e-21 1.081652233986484489e-04 -3.785296473170321778e-04 7.018040018182010713e-04 -9.414074475865798946e-04 9.849363575771339762e-04 -7.674208979639230484e-04 2.987412487792500131e-04 3.426147375912519475e-04 -1.023061587126447092e-03 1.589486414468199325e-03 -1.903996965544542137e-03 1.879783297842435716e-03 -1.501760642229658764e-03 8.327849028557548269e-04 4.454381786180774172e-18 -8.327849028557618742e-04 1.501760642229665052e-03 -1.879783297842446774e-03 1.903996965544543871e-03 -1.589486414468191736e-03 1.023061587126442538e-03 -3.426147375912459844e-04 -2.987412487792559762e-04 7.674208979639259758e-04 -9.849363575771372288e-04 9.414074475865836893e-04 -7.018040018182017219e-04 3.785296473170312020e-04 -1.081652233986489639e-04 4.782470829250955834e-19
5.494837644371366208e-07 7.827731987068600565e-05 -2.883300101934814746e-04 5.765204601916058130e-04 -8.711083605957114888e-04 1.102471279825554488e-03 -1.208027915239056607e-03 1.148661386818957764e-03 -9.105881417236019737e-04 5.111061264240796421e-04 6.811734115252615422e-06 -5.789790202419293087e-04 1.131428146937315691e-03 -1.590128900093940251e-03 1.893179669047289617e-03 -1.998957317377746470e-03 1.893179669047278992e-03 -1.590128900093933095e-03 1.131428146937313740e-03 -5.789790202419268150e-04 6.811734115246531184e-06 5.111061264240892915e-04 -9.105881417236063105e-04 1.148661386818956246e-03 -1.208027915239052053e-03 1.102471279825549500e-03 -8.711083605957099709e-04 5.765204601916038615e-04 -2.883300101934787641e-04 7.827731987068382369e-05 5.494837644379503019e-07
-4.834558643633676360e-19 5.164154395621549528e-05 -1.938957371866183621e-04 4.065506818317450783e-04 -6.608399793408975282e-04 9.274209329803434617e-04 -1.174575832221125531e-03 1.374639199917911635e-03 -1.503500721042776329e-03 1.544612142101209167e-03 -1.488589888451337471e-03 1.334980365092481355e-03 -1.091233175879337399e-03 7.725868886806783273e-04 -4.002661297815608026e-04 -6.129855487777038792e-18 4.002661297815710484e-04 -7.725868886806873262e-04 1.091233175879348025e-03 -1.334980365092493281e-03 1.488589888451344193e-03 -1.544612142101214588e-03 1.503500721042774378e-03 -1.374639199917902311e-03 1.174575832221114906e-03 -9.274209329803321860e-04 6.608399793408906977e-04 -4.065506818317411752e-04 1.938957371866140524e-04 -5.164154395621084676e-05 -1.997676118784481413e-18
2.855622922471354012e-04 -5.259898962739598159e-04 4.530221210517429301e-04 -3.226668142661855013e-04 1.752544227888400564e-04 7.881412236117777776e-06 -1.978559542173372076e-04 4.019177900378541552e-04 -5.998169909002785830e-04 7.928729708277764809e-04 -9.666789576956766718e-04 1.120479229942616126e-03 -1.244171284698362403e-03 1.337255052801572227e-03 -1.393144635581915463e-03 1.412968580221008515e-03 -1.393144635581908958e-03 1.337255052801570275e-03 -1.244171284698368692e-03 1.120479229942622631e-03 -9.666789576956793823e-04 7.928729708277764809e-04 -5.998169909002752220e-04 4.019177900378481379e-04 -1.978559542173326268e-04 7.881412236114840265e-06 1.752544227888419267e-04 -3.226668142661863687e-04 4.530221210517436348e-04 -5.259898962739623096e-04 2.855622922471369733e-04
5.555555555555547961e-04 -1.066146849678138633e-03 1.044755792549536275e-03 -9.796218010268062642e-04 9.348608861935852341e-04 -8.610188804645358763e-04 7.976708362617359639e-04 -7.164447226249125991e-04 6.399599547804345678e-04 -5.526308258238750220e-04 4.672270682272428835e-04 -3.754076628996739205e-04 2.842745249946539740e-04 -1.897407093495348768e-04 9.540356011114974337e-05 5.965107786541371042e-18 -9.540356011116330945e-05 1.897407093495396472e-04 -2.842745249946518598e-04 3.754076628996758178e-04 -4.672270682272408777e-04 5.526308258238699263e-04 -6.399599547804291468e-04 7.164447226249077202e-04 -7.976708362617284829e-04 8.610188804645293710e-04 -9.348608861935834994e-04 9.796218010268038789e-04 -1.044755792549531288e-03 1.066146849678136681e-03 -5.555555555555549046e-04
2.698568396063796599e-04 -5.208446248926716952e-04 5.189460067048498387e-04 -5.008903090557238671e-04 4.974014521057569830e-04 -4.839269822476694057e-04 4.794935047375643508e-04 -4.696158011640449862e-04 4.653637275596513565e-04 -4.582511754443408187e-04 4.548939231060067779e-04 -4.500432888491742484e-04 4.479731081405528836e-04 -4.450935147359456824e-04 4.445298407836678796e-04 -4.434405102510074852e-04 4.445298407836634886e-04 -4.450935147359421046e-04 4.479731081405480047e-04 -4.500432888491682853e-04 4.548939231059999475e-04 -4.582511754443379997e-04 4.653637275596514650e-04 -4.696158011640407036e-04 4.794935047375586045e-04 -4.839269822476631173e-04 4.974014521057503694e-04 -5.008903090557168198e-04 5.189460067048423577e-04 -5.208446248926664910e-04 2.698568396063777625e-04
1.606435525298122724e-01
2.341876692568689577e-17
2.550065343976616605e-02
3.816391647148975608e-17
6.680980202054476874e-03
-5.204170427930421283e-18
2.185131388839121371e-03
-1.821459649775647449e-17
8.518115220997784023e-04
8.890457814381136359e-18
3.833524216830220491e-04
-6.505213034913026604e-19
1.931682851239711635e-04
1.843143693225357538e-18
1.060590631476623197e-04
2.439454888092384977e-18
6.200992062157410030e-05
5.556536133988210224e-19
3.784083462731667154e-05
-2.493664996716660198e-18
2.362834567567470090e-05
2.710505431213761085e-19
1.473659444511043418e-05
4.336808689942017736e-19
8.835553003999152902e-06
-9.215718466126787689e-19
4.729200437163829903e-06
-2.385244779468109755e-18
6.081009682088844674e-05
2.710505431213761085e-18
5.614490245870904991e-05
